10   3 3 4 
12   4 4 7 
14   5 5 7 
16   5 6 7 
18   5 5 8 
20   6 6 10 
22   7 6 10 
24   8 8 10 
26   9 8 11 
28   9 9 13 
30   10 9 13 
32   10 10 12 
34   10 11 15 
36   12 11 15 
38   13 12 17 
40   14 14 18 
42   15 14 16 
44   15 14 21 
46   16 14 19 
48   16 16 21 
50   16 16 23 
52   16 16 23 
54   18 18 25 
56   19 18 27 
58   18 18 24 
60   19 18 26 
62   20 19 28 
64   20 20 29 
66   23 22 28 
68   24 21 30 
70   24 22 31 
72   22 22 34 
74   23 24 37 
76   25 23 32 
78   26 24 33 
80   26 27 35 
82   28 24 35 
84   27 26 40 
86   26 28 37 
88   27 28 42 
90   32 29 46 
92   32 30 43 
94   32 28 43 
96   31 30 47 
98   34 32 42 
100   35 32 44 
102   32 32 47 
104   33 33 43 
106   34 38 49 
108   38 34 54 
110   37 36 52 
112   37 36 46 
114   38 38 56 
116   38 37 52 
118   40 38 57 
120   41 39 53 
122   42 39 57 
124   40 41 54 
126   40 42 60 
128   41 44 55 
130   42 42 58 
132   46 41 60 
134   46 43 55 
136   44 42 68 
138   45 44 60 
140   46 47 61 
142   48 44 72 
144   45 46 68 
146   52 47 66 
148   54 48 64 
150   49 44 69 
152   52 49 67 
154   52 50 67 
156   52 48 76 
158   55 49 78 
160   51 51 69 
162   52 51 79 
164   54 52 75 
166   58 56 75 
168   57 50 75 
170   57 55 76 
172   57 57 76 
174   61 54 86 
176   60 56 86 
178   60 57 78 
180   57 58 77 
182   62 56 79 
184   62 58 82 
186   62 62 87 
188   64 60 89 
190   65 56 90 
192   65 62 91 
194   64 62 85 
196   62 62 90 
198   64 62 84 
200   65 63 90 
202   68 63 93 
204   69 69 92 
206   68 66 92 
208   69 67 95 
210   74 66 98 
212   72 67 101 
214   70 66 99 
216   73 69 99 
218   70 70 102 
220   71 72 96 
222   71 67 102 
224   71 74 100 
226   72 72 104 
228   71 73 101 
230   73 73 104 
232   77 73 106 
234   71 74 109 
236   80 74 105 
238   80 78 111 
240   80 77 100 
242   79 75 110 
244   79 77 113 
246   78 79 116 
248   82 79 112 
250   86 82 120 
252   80 78 115 
254   81 81 117 
256   85 83 111 
258   88 81 123 
260   85 82 116 
262   86 85 120 
264   90 84 115 
266   88 84 127 
268   89 84 118 
270   87 87 126 
272   89 88 121 
274   94 87 128 
276   91 82 127 
278   96 87 127 
280   93 89 125 
282   95 91 131 
284   94 91 123 
286   95 90 128 
288   95 95 133 
290   97 92 144 
292   98 92 134 
294   93 94 133 
296   101 92 123 
298   100 95 137 
300   99 96 150 
302   98 96 143 
304   98 96 146 
306   99 99 147 
308   103 97 146 
310   100 98 143 
312   103 98 147 
314   105 100 149 
316   105 102 146 
318   107 97 148 
320   107 106 142 
322   106 104 142 
324   107 100 150 
326   109 103 148 
328   110 103 158 
330   110 105 143 
332   112 111 161 
334   115 105 155 
336   113 107 149 
338   109 104 146 
340   112 111 158 
342   111 107 147 
344   114 111 154 
346   109 110 146 
348   118 110 158 
350   113 110 165 
352   116 109 162 
354   120 111 160 
356   117 113 159 
358   120 120 165 
360   117 116 158 
362   124 113 163 
364   120 117 169 
366   122 117 167 
368   125 118 167 
370   125 115 169 
372   125 118 157 
374   129 121 172 
376   125 118 166 
378   125 123 183 
380   128 119 172 
382   127 121 173 
384   131 123 177 
386   126 125 170 
388   129 126 172 
390   131 128 179 
392   125 125 180 
394   128 126 177 
396   133 123 180 
398   133 126 174 
400   131 128 179 
402   136 132 186 
404   132 126 186 
406   135 130 189 
408   133 133 183 
410   137 130 187 
412   138 134 191 
414   139 132 192 
416   137 133 191 
418   136 132 193 
420   134 132 189 
422   138 133 183 
424   143 140 202 
426   144 135 185 
428   139 138 206 
430   140 137 198 
432   146 136 204 
434   143 141 189 
436   145 138 206 
438   144 143 207 
440   145 137 205 
442   149 139 203 
444   148 143 210 
446   147 143 204 
448   144 142 208 
450   151 145 205 
452   149 139 216 
454   153 146 202 
456   149 144 211 
458   155 139 213 
460   148 150 200 
462   154 147 207 
464   152 148 218 
466   158 151 225 
468   158 150 211 
470   151 152 226 
472   157 149 218 
474   159 152 215 
476   157 153 219 
478   163 154 213 
480   159 156 217 
482   158 153 211 
484   160 156 225 
486   158 156 232 
488   157 155 215 
490   157 155 234 
492   162 155 231 
494   169 155 224 
496   163 159 229 
498   169 157 234 
500   169 158 231 