30   13 16 
32   11 14 
34   14 18 
36   12 13 
38   11 16 
40   13 20 
42   14 19 
44   13 19 
46   14 19 
48   11 18 
50   13 21 
52   11 17 
54   12 20 
56   16 20 
58   14 21 
60   11 16 
62   15 20 
64   13 21 
66   16 26 
68   14 24 
70   15 19 
72   15 24 
74   14 21 
76   14 23 
78   16 25 
80   13 27 
82   15 21 
84   14 24 
86   17 29 
88   14 25 
90   14 26 
92   15 28 
94   16 22 
96   16 24 
98   16 26 
100   15 25 
102   16 30 
104   17 30 
106   16 28 
108   15 25 
110   17 28 
112   14 28 
114   16 27 
116   16 26 
118   15 28 
120   14 24 
122   15 30 
124   16 27 
126   14 28 
128   17 27 
130   14 29 
132   16 27 
134   15 28 
136   15 27 
138   16 30 
140   15 29 
142   17 29 
144   16 25 
146   17 30 
148   15 25 
150   14 30 
152   16 30 
154   17 33 
156   17 28 
158   17 34 
160   16 31 
162   17 30 
164   16 32 
166   17 29 
168   16 32 
170   17 34 
172   17 33 
174   17 30 
176   18 31 
178   17 30 
180   17 30 
182   16 31 
184   16 28 
186   18 35 
188   18 30 
190   17 31 
192   17 32 
194   17 37 
196   19 31 
198   17 33 
200   18 34 
202   17 37 
204   17 36 
206   18 29 
208   17 31 
210   16 35 
212   18 33 
214   18 41 
216   17 34 
218   20 30 
220   19 35 
222   17 36 
224   17 39 
226   17 39 
228   17 38 
230   18 38 
232   18 34 
234   17 33 
236   17 34 
238   19 37 
240   19 34 
242   17 35 
244   18 36 
246   19 35 
248   17 35 
250   17 39