205   82   87   88   113 
215   82   87   86   111 
225   88   95   93   114 
235   94   99   98   128 
245   97   108   110   127 
255   100   107   106   128 
265   104   111   115   135 
275   109   115   117   144 
285   116   128   129   157 
295   123   133   132   160 
305   124   135   130   168 
315   125   136   137   166 
325   130   140   143   179 
335   133   141   145   179 
345   148   161   160   190 
355   149   155   162   193 
365   147   158   162   193 
375   149   155   160   209 
385   156   174   174   218 
395   160   172   175   224 
405   157   168   167   219 
415   167   183   185   224 
425   167   181   179   227 
435   173   189   192   233 
445   187   201   202   243 
455   180   197   199   247 
465   193   204   209   256 
475   198   211   214   262 
485   198   220   221   269 
495   206   225   224   271 
505   205   218   221   270 
515   206   214   217   272 
525   208   220   219   291 
535   217   238   243   284 
545   218   232   235   284 
555   227   245   247   298 
565   228   239   244   302 
575   238   251   255   312 
585   238   256   259   314 
595   250   272   268   318 
605   251   265   265   325 
615   257   271   275   341 
625   247   259   265   330 
635   263   284   284   359 
645   257   288   287   344 
655   268   292   295   354 
665   267   286   292   348 
675   280   306   303   374 
685   278   298   306   369 
695   288   315   311   374 
705   287   313   323   396 
715   286   306   314   391 
725   296   315   319   391 
735   297   319   324   392 
745   310   330   330   407 
755   309   332   331   405 
765   316   344   351   429 
775   309   327   332   411 
785   324   343   352   429 
795   325   348   349   439 
805   321   342   345   424 
815   331   358   355   451 
825   345   367   376   452 
835   341   361   364   447 
845   346   370   372   456 